START -1 -1 -1 -1 -1 -1 376 380 368 399 393 END
START -1 -1 -1 -1 -1 -1 380 377 367 378 380 END
START -1 -1 -1 -1 -1 -1 374 373 365 369 370 END
START -1 -1 -1 -1 -1 -1 366 366 361 362 362 END
START -1 -1 -1 -1 -1 -1 358 358 355 356 355 END
START -1 -1 -1 -1 -1 -1 351 351 349 350 349 END
START -1 -1 -1 -1 -1 -1 345 345 342 343 343 END
START -1 -1 -1 -1 -1 -1 339 339 337 337 337 END
START -1 -1 -1 -1 -1 -1 333 333 331 332 331 END
START -1 -1 -1 -1 -1 -1 328 327 325 326 325 END
START -1 -1 -1 -1 -1 -1 322 322 320 321 320 END
START -1 -1 -1 -1 -1 -1 317 316 315 316 315 END
START -1 -1 -1 -1 -1 -1 312 311 310 311 309 END
START -1 -1 -1 -1 -1 -1 307 307 305 306 305 END
START -1 -1 -1 -1 -1 -1 303 302 301 302 300 END
START -1 -1 -1 -1 -1 -1 298 298 296 297 296 END
START -1 -1 -1 -1 -1 -1 295 294 293 293 292 END
START -1 -1 -1 -1 -1 -1 290 290 288 289 288 END
START -1 -1 -1 -1 -1 -1 287 286 284 286 284 END
START -1 -1 -1 -1 -1 -1 283 283 281 281 281 END
START -1 -1 -1 -1 -1 -1 279 279 277 278 277 END
START -1 -1 -1 -1 -1 -1 276 276 274 275 274 END
START -1 -1 -1 -1 -1 -1 273 273 272 273 271 END
START -1 -1 -1 -1 -1 -1 269 270 268 269 268 END
START -1 -1 -1 -1 -1 -1 267 268 266 267 265 END
START -1 -1 -1 -1 -1 -1 264 264 263 264 263 END
START -1 -1 -1 -1 -1 -1 262 262 260 261 260 END
START -1 -1 -1 -1 -1 -1 260 259 258 259 258 END
START -1 -1 -1 -1 -1 -1 257 258 256 256 256 END
START -1 -1 -1 -1 -1 -1 255 255 254 254 253 END
START -1 -1 -1 -1 -1 -1 254 253 251 252 251 END
START -1 -1 -1 -1 -1 -1 251 251 250 251 249 END
START -1 -1 -1 -1 -1 -1 250 250 248 249 248 END
START -1 -1 -1 -1 -1 -1 248 247 247 247 246 END
START -1 -1 -1 -1 -1 -1 246 246 245 245 244 END
START -1 -1 -1 -1 -1 -1 244 244 243 244 242 END
START -1 -1 -1 -1 -1 -1 244 243 242 243 241 END
START -1 -1 -1 -1 -1 -1 242 242 241 242 240 END
START -1 -1 -1 -1 -1 -1 241 241 239 240 238 END
START -1 -1 -1 -1 -1 -1 239 239 239 239 238 END
START -1 -1 -1 -1 -1 -1 239 238 237 238 236 END
START -1 -1 -1 -1 -1 -1 238 237 236 237 235 END
START -1 -1 -1 -1 -1 -1 236 236 235 236 234 END
START -1 -1 -1 -1 -1 -1 236 235 233 235 233 END
START -1 -1 -1 -1 -1 -1 235 234 233 235 233 END
START -1 -1 -1 -1 -1 -1 234 234 232 233 232 END
START -1 -1 -1 -1 -1 -1 233 233 231 233 231 END
START -1 -1 -1 -1 -1 -1 232 232 231 232 230 END
START -1 -1 -1 -1 -1 -1 231 231 230 231 230 END
START -1 -1 -1 -1 -1 -1 231 230 230 230 229 END
START -1 -1 -1 -1 -1 -1 231 230 229 231 229 END
START -1 -1 -1 -1 -1 -1 230 230 228 230 228 END
START -1 -1 -1 -1 -1 -1 229 229 228 230 228 END
START -1 -1 -1 -1 -1 -1 230 229 228 229 227 END
START -1 -1 -1 -1 -1 -1 228 228 227 228 227 END
START -1 -1 -1 -1 -1 -1 228 227 227 228 226 END
START -1 -1 -1 -1 -1 -1 227 228 227 228 226 END
START -1 -1 -1 -1 -1 -1 227 227 226 227 226 END
START -1 -1 -1 -1 -1 -1 227 227 226 226 225 END
START -1 -1 -1 -1 -1 -1 226 226 225 226 225 END
START -1 -1 -1 -1 -1 -1 226 226 224 226 224 END
START -1 -1 -1 -1 -1 -1 226 226 225 226 224 END
START -1 -1 -1 -1 -1 -1 225 225 224 226 224 END
START -1 -1 -1 -1 -1 -1 225 225 224 225 223 END
START -1 -1 -1 -1 -1 -1 225 226 224 225 223 END
START -1 -1 -1 -1 -1 -1 224 225 224 225 223 END
START -1 -1 -1 -1 -1 -1 224 224 223 225 223 END
START -1 -1 -1 -1 -1 -1 224 224 223 224 223 END
START -1 -1 -1 -1 -1 -1 224 224 223 224 223 END
START -1 -1 -1 -1 -1 -1 224 224 222 224 222 END
START -1 -1 -1 -1 -1 -1 224 224 222 223 222 END
START -1 -1 -1 -1 -1 -1 224 224 222 223 221 END
START -1 -1 -1 -1 -1 -1 224 224 223 223 222 END
START -1 -1 -1 -1 -1 -1 223 223 222 223 222 END
START -1 -1 -1 -1 -1 -1 224 223 222 223 222 END
START -1 -1 -1 -1 -1 -1 223 223 222 223 222 END
START -1 -1 -1 -1 -1 -1 223 223 222 223 221 END
START -1 -1 -1 -1 -1 -1 222 223 222 223 221 END
START -1 -1 -1 -1 -1 -1 222 222 222 222 221 END
START -1 -1 -1 -1 -1 -1 223 223 221 223 221 END
START -1 -1 -1 -1 -1 -1 223 223 221 222 221 END
START -1 -1 -1 -1 -1 -1 222 222 221 222 221 END
START -1 -1 -1 -1 -1 -1 222 223 221 223 221 END
START -1 -1 -1 -1 -1 -1 222 222 221 222 221 END
START -1 -1 -1 -1 -1 -1 222 223 221 223 221 END
START -1 -1 -1 -1 -1 -1 223 222 221 222 220 END
START -1 -1 -1 -1 -1 -1 223 222 221 223 221 END
START -1 -1 -1 -1 -1 -1 222 222 221 222 220 END
START -1 -1 -1 -1 -1 -1 222 222 221 222 220 END
START -1 -1 -1 -1 -1 -1 222 222 221 222 220 END
START -1 -1 -1 -1 -1 -1 222 222 220 222 220 END
START -1 -1 -1 -1 -1 -1 222 222 221 222 220 END
START -1 -1 -1 -1 -1 -1 222 222 221 221 220 END
START -1 -1 -1 -1 -1 -1 221 222 220 221 220 END
START -1 -1 -1 -1 -1 -1 222 222 221 222 220 END
START -1 -1 -1 -1 -1 -1 221 222 221 222 220 END
START -1 -1 -1 -1 -1 -1 221 221 220 222 220 END
START -1 -1 -1 -1 -1 -1 221 222 220 222 220 END
START -1 -1 -1 -1 -1 -1 222 221 220 222 220 END
START -1 -1 -1 -1 -1 -1 221 221 220 221 219 END
START -1 -1 -1 -1 -1 -1 221 221 220 221 220 END
START -1 -1 -1 -1 -1 -1 221 221 220 221 219 END
START -1 -1 -1 -1 -1 -1 221 221 220 221 219 END
START -1 -1 -1 -1 -1 -1 221 221 220 221 220 END
START -1 -1 -1 -1 -1 -1 221 221 219 221 220 END
START -1 -1 -1 -1 -1 -1 221 221 220 221 219 END
START -1 -1 -1 -1 -1 -1 221 221 220 221 219 END
START -1 -1 -1 -1 -1 -1 221 221 220 221 219 END
START -1 -1 -1 -1 -1 -1 221 221 219 220 219 END
START -1 -1 -1 -1 -1 -1 221 220 220 221 219 END
START -1 -1 -1 -1 -1 -1 221 220 219 220 219 END
START -1 -1 -1 -1 -1 -1 221 221 220 221 220 END
START -1 -1 -1 -1 -1 -1 221 221 220 221 219 END
START -1 -1 -1 -1 -1 -1 221 221 219 221 219 END
START -1 -1 -1 -1 -1 -1 221 221 220 221 220 END
START -1 -1 -1 -1 -1 -1 220 221 220 220 220 END
START -1 -1 -1 -1 -1 -1 221 221 220 220 219 END
START -1 -1 -1 -1 -1 -1 221 221 220 221 220 END
START -1 -1 -1 -1 -1 -1 221 222 220 221 220 END
START -1 -1 -1 -1 -1 -1 221 221 220 221 220 END
START -1 -1 -1 -1 -1 -1 221 221 220 221 219 END
START -1 -1 -1 -1 -1 -1 221 221 219 220 221 END
START -1 -1 -1 -1 -1 -1 221 221 220 221 219 END
START -1 -1 -1 -1 -1 -1 221 221 220 221 219 END
START -1 -1 -1 -1 -1 -1 221 222 220 221 220 END
START -1 -1 -1 -1 -1 -1 221 221 219 221 219 END
START -1 -1 -1 -1 -1 -1 221 221 219 220 219 END
START -1 -1 -1 -1 -1 -1 221 221 220 221 219 END
START -1 -1 -1 -1 -1 -1 220 221 220 221 219 END
START -1 -1 -1 -1 -1 -1 220 221 220 220 220 END
START -1 -1 -1 -1 -1 -1 221 221 219 221 219 END
START -1 -1 -1 -1 -1 -1 221 221 219 221 219 END
START -1 -1 -1 -1 -1 -1 220 221 219 221 220 END
START -1 -1 -1 -1 -1 -1 221 221 219 221 219 END
START -1 -1 -1 -1 -1 -1 220 221 219 220 219 END
START -1 -1 -1 -1 -1 -1 220 221 219 220 220 END
START -1 -1 -1 -1 -1 -1 221 220 220 220 219 END
START -1 -1 -1 -1 -1 -1 220 221 219 220 220 END
START -1 -1 -1 -1 -1 -1 221 221 219 220 220 END
START -1 -1 -1 -1 -1 -1 221 221 220 220 219 END
START -1 -1 -1 -1 -1 -1 221 221 220 221 219 END
START -1 -1 -1 -1 -1 -1 220 221 219 221 219 END
START -1 -1 -1 -1 -1 -1 220 222 219 221 219 END
START -1 -1 -1 -1 -1 -1 221 221 219 221 220 END
START -1 -1 -1 -1 -1 -1 220 221 220 221 219 END
START -1 -1 -1 -1 -1 -1 220 221 220 221 221 END
START -1 -1 -1 -1 -1 -1 221 221 219 221 219 END
START -1 -1 -1 -1 -1 -1 220 221 220 221 219 END
START -1 -1 -1 -1 -1 -1 220 221 219 220 220 END
START -1 -1 -1 -1 -1 -1 221 221 219 220 219 END
START -1 -1 -1 -1 -1 -1 220 221 219 220 219 END
START -1 -1 -1 -1 -1 -1 221 221 219 221 220 END
START -1 -1 -1 -1 -1 -1 220 221 219 220 220 END
START -1 -1 -1 -1 -1 -1 220 221 219 220 219 END
START -1 -1 -1 -1 -1 -1 221 221 220 220 219 END
START -1 -1 -1 -1 -1 -1 220 221 219 220 220 END
START -1 -1 -1 -1 -1 -1 221 221 219 221 220 END
START -1 -1 -1 -1 -1 -1 221 221 219 221 219 END
START -1 -1 -1 -1 -1 -1 220 221 219 220 219 END
START -1 -1 -1 -1 -1 -1 221 220 219 221 220 END
START -1 -1 -1 -1 -1 -1 221 221 219 221 220 END
START -1 -1 -1 -1 -1 -1 221 222 219 220 220 END
START -1 -1 -1 -1 -1 -1 221 221 220 220 219 END
START -1 -1 -1 -1 -1 -1 221 221 220 221 219 END
START -1 -1 -1 -1 -1 -1 221 222 220 221 219 END
START -1 -1 -1 -1 -1 -1 221 221 219 221 219 END
START -1 -1 -1 -1 -1 -1 220 221 219 220 219 END
START -1 -1 -1 -1 -1 -1 221 222 219 221 219 END
START -1 -1 -1 -1 -1 -1 221 221 220 221 219 END